>>> from math import sin, cos, tan
>>> formula = "amp*sin(frek*t+fasa)"
>>> amp = 2
>>> frek = 2
>>> fasa = 20
>>> t = 0.01
>>> eval(formula)
1.8418475298028734

>>> f rom math import pi
>>> d = (2*pi/frek) / 0.01
>>> d
314.1592653589793

>>> d = int(d)
>>> d
314

>>> t = 0.01
>>> list_of_wave = []
>>> f or i in range(0, d):
...     hasil = eval(formula)
...     list_of_wave.append(hasil)
...     t = t + 0.01

>>> print(list_of_wave)
[1.8418475298028734,
 1.8570678436962098,
 1.8715453552126424,
 1.8852742735405952,
 1.8982491072957892,
 1.9104646667177132,
 1.9219160657454728,
 1.93259872397214,
 1.9425083684768578,
 1.951641035533951,
 1.9599930721983645,
 1.967561137766791,
 1.9743422051139108,
 1.9803335619031954,
 1.9855328116718143,
 1.9899378747891823,
 1.9935469892887858,
 1.9963587115729462,
 1.9983719169902385,
 1.9995858002853384,
 1.9999998759211126,
 1.999613978272828,
 1.9984282616943982,
 1.996443200456646,
 1.9936595885575985,
 1.9900785394049016,
 1.9857014853704695,
 1.9805301772175559,
 1.9745666834004714,
 1.9678133892372323,
 1.9602729959554603,
 1.951948519611931,
 1.9428432898861903,
 1.932960948748727,
 1.922305449004233,
 1.910881052710535,
 1.8986923294738252,
 1.8857441546208877,
 1.8720417072490225,
 1.8575904681544808,
 1.84239621764022,
 1.8264650332038586,
 1.809803287106758,
 1.7924176438252035,
 1.7743150573846989,
 1.7555027685784623,
 1.735988302071186,
 1.715779463389283,
 1.694884335798779,
 1.6733112770721121,
 1.6510689161451357,
 1.6281661496656603,
 1.6046121384349068,
 1.5804163037433265,
 1.5555883236021857,
 1.5301381288725049,
 1.504075899292845,
 1.4774120594075457,
 1.4501572743970486,
 1.4223224458119648,
 1.393918707212603,
 1.3649574197156857,
 1.335450167450077,
 1.305408752923253,
 1.2748451923004778,
 1.2437717105984916,
 1.2122007367956678,
 1.1801448988605865,
 1.147617018701011,
 1.1146301070353168,
 1.0811973581883454,
 1.047332144813871,
 1.0130480125457137,
 0.9783586745796647,
 0.9432780061883923,
 0.9078200391715169,
 0.8719989562430788,
 0.8358290853586346,
 0.7993248939842927,
 0.7625009833098803,
 0.7253720824086881,
 0.6879530423460313,
 0.650258830239021,
 0.6123045232699171,
 0.5741053026554501,
 0.5356764475745629,
 0.49703332905690334,
 0.4581914038346437,
 0.41916620815998745,
 0.3799733515908755,
 0.34062851074737094,
 0.30114742304122044,
 0.2615458803810988,
 0.22183972285604966,
 0.18204483239968866,
 0.14217712643759986,
 0.10225255152060576,
 0.0622870769463526,
 0.022296688371804176,
 -0.017702618580807752,
 -0.057694844722026226,
 -0.09766399369460313,
 -0.1375940783718714,
 -0.1774691272523542,
 -0.21727319084815952,
 -0.25699034806456283,
 -0.2966047125682326,
 -0.3361004391415519,
 -0.375461730020494,
 -0.4146728412135245,
 -0.4537180887989601,
 -0.49258185519837,
 -0.5312485954233711,
 -0.5697028432934229,
 -0.6079292176220941,
 -0.6459124283693313,
 -0.6836372827572782,
 -0.7210886913471578,
 -0.7582516740748863,
 -0.7951113662428723,
 -0.8316530244657048,
 -0.86786203256731,
 -0.9037239074272279,
 -0.9392243047736664,
 -0.974349024921019,
 -1.0090840184495566,
 -1.0434153918249824,
 -1.077329412955698,
 -1.110812516685432,
 -1.1438513102191277,
 -1.1764325784798835,
 -1.2085432893948056,
 -1.2401705991076712,
 -1.2713018571162757,
 -1.3019246113324991,
 -1.332026613062953,
 -1.3615958219082995,
 -1.390620410579252,
 -1.4190887696273307,
 -1.44698951208849,
 -1.47431147803775,
 -1.501043739053024,
 -1.527175602586322,
 -1.5526966162406548,
 -1.5775965719508374,
 -1.6018655100665797,
 -1.6254937233362177,
 -1.6484717607894819,
 -1.6707904315177646,
 -1.692440808350345,
 -1.713414231425162,
 -1.7337023116526271,
 -1.753296934071154,
 -1.7721902610930331,
 -1.7903747356393636,
 -1.8078430841627833,
 -1.8245883195567907,
 -1.8406037439504983,
 -1.855882951387679,
 -1.8704198303890804,
 -1.8842085663969248,
 -1.8972436441006566,
 -1.9095198496429926,
 -1.9210322727053968,
 -1.9317763084721427,
 -1.9417476594721719,
 -1.9509423372980357,
 -1.9593566642011981,
 -1.9669872745630874,
 -1.9738311162412987,
 -1.9798854517904108,
 -1.9851478595569274,
 -1.9896162346479065,
 -1.99328878977289,
 -1.996164055958793,
 -1.9982408831374785,
 -1.9995184406057653,
 -1.9999962173577006,
 -1.9996740222889533,
 -1.9985519842732553,
 -1.9966305521108523,
 -1.9939104943489907,
 -1.9903928989745086,
 -1.9860791729786547,
 -1.9809710417943118,
 -1.9750705486058466,
 -1.9683800535318616,
 -1.9609022326811816,
 -1.9526400770824437,
 -1.9435968914877249,
 -1.9337762930506923,
 -1.9231822098797797,
 -1.9118188794670026,
 -1.8996908469930174,
 -1.8868029635091086,
 -1.8731603839968336,
 -1.858768565306096,
 -1.8436332639724888,
 -1.827760533914742,
 -1.8111567240132447,
 -1.7938284755705765,
 -1.7757827196550742,
 -1.757026674328497,
 -1.7375678417588987,
 -1.717414005219859,
 -1.6965732259772794,
 -1.6750538400649837,
 -1.6528644549504157,
 -1.6300139460917662,
 -1.6065114533879095,
 -1.582366377522565,
 -1.5575883762041483,
 -1.5321873603028182,
 -1.5061734898862595,
 -1.4795571701557917,
 -1.4523490472844274,
 -1.4245600041585451,
 -1.3962011560248797,
 -1.3672838460445715,
 -1.3378196407560539,
 -1.307820325448591,
 -1.2772978994483206,
 -1.2462645713186826,
 -1.2147327539771564,
 -1.1827150597302603,
 -1.1502242952287958,
 -1.1172734563453592,
 -1.0838757229761655,
 -1.0500444537692648,
 -1.0157931807812626,
 -0.9811356040646763,
 -0.9460855861880978,
 -0.9106571466913503,
 -0.8748644564778598,
 -0.838721832146482,
 -0.8022437302650542,
 -0.7654447415879609,
 -0.7283395852200264,
 -0.6909431027290687,
 -0.6532702522094713,
 -0.615336102299144,
 -0.5771558261522691,
 -0.5387446953702416,
 -0.5001180738932329,
 -0.46129141185481903,
 -0.42228023940213333,
 -0.3831001604840149,
 -0.34376684660963697,
 -0.30429603058011195,
 -0.26470350019558125,
 -0.22500509194030527,
 -0.18521668464828106,
 -0.1453541931519204,
 -0.10543356191632905,
 -0.06547075866173324,
 -0.025481767976604563,
 0.01451741507596239,
 0.05451079135606191,
 0.09448236404641987,
 0.13441614505090732,
 0.17429616138956577,
 0.21410646158758623,
 0.2538311220556864,
 0.2934542534593342,
 0.3329600070742694,
 0.37233258112578255,
 0.4115562271092136,
 0.4506152560891441,
 0.4894940449747623,
 0.5281770427688909,
 0.5666487767881785,
 0.6048938588519672,
 0.642896991437359,
 0.6806429737980215,
 0.7181167080442835,
 0.7553032051820895,
 0.7921875911083979,
 0.8287551125606233,
 0.8649911430177452,
 0.9008811885507215,
 0.9364108936198666,
 0.971566046816876,
 1.0063325865491997,
 1.0406966066644927,
 1.0746443620128898,
 1.108162273944882,
 1.1412369357425964,
 1.1738551179823034,
 1.2060037738260103,
 1.2376700442400228,
 1.2688412631383863,
 1.2995049624491526,
 1.3296488771014412,
 1.3592609499313044,
 1.388329336504433,
 1.4168424098537704,
 1.444788765130147,
 1.4721572241640646,
 1.4989368399368181,
 1.525116900959155,
 1.550686935555729,
 1.5756367160536309,
 1.5999562628733208,
 1.623635848520327,
 1.6466660014761147,
 1.6690375099865657,
 1.6907414257465592,
 1.7117690674791721,
 1.732112024408077,
 1.7517621596217374,
 1.7707116133280667,
 1.7889528059982382,
 1.8064784413983965,
 1.8232815095080535]

 2*sin(2*t+20)